%YAML:1.0
---
Fundamental Matrix: !!opencv-matrix
   rows: 3
   cols: 3
   dt: d
   data: [ -4.2458416754055337e-06, 1.0584420326729854e-05,
       -7.7629776443854989e-03, -6.3910149320405448e-06,
       8.1648822890324507e-06, 7.0499256104022551e-03,
       7.4081504773303311e-03, -1.3266843916702976e-02, 1. ]
