%YAML:1.0
---
Projection Error: [ -1.5232651392403326e+01, 8.9751216723450913e+00,
    2.9020146163813280e+01, 1.1917674404057790e+01,
    3.6124489171493465e+01, 1.4170342872112300e+01,
    -2.6088751668846348e+00, 4.7364281754476771e+01 ]
